0.000000000000000e+00
5.563459258777677e+01
1.112691851755535e+02
1.669037777633303e+02
2.225383703511071e+02
2.781729629388838e+02
3.338075555266606e+02
3.894421481144374e+02
4.450767407022142e+02
5.007113332899909e+02
5.563459258777675e+02
6.119805184655445e+02
6.676151110533211e+02
7.232497036410980e+02
7.788842962288749e+02
8.345188888166515e+02
8.901534814044282e+02
9.457880739922051e+02
1.001422666579982e+03
1.057057259167759e+03
1.112691851755535e+03
1.168326444343312e+03
1.223961036931089e+03
1.279595629518866e+03
1.335230222106642e+03
1.390864814694419e+03
1.446499407282196e+03
1.502133999869973e+03
1.557768592457750e+03
1.613403185045526e+03
1.669037777633303e+03
1.699444354183729e+03
1.724672370221080e+03
1.780306962808856e+03
1.835941555396633e+03
1.891576147984410e+03
1.947210740572187e+03
2.002845333159964e+03
2.058479925747740e+03
2.114114518335517e+03
2.169749110923294e+03
2.225383703511070e+03
2.281018296098848e+03
2.336652888686624e+03
2.392287481274401e+03
2.447922073862178e+03
2.503556666449955e+03
2.559191259037731e+03
2.614825851625508e+03
2.670460444213285e+03
2.726095036801062e+03
2.781729629388838e+03
2.837364221976615e+03
2.892998814564392e+03
2.948633407152168e+03
3.004267999739945e+03
3.059902592327722e+03
3.115537184915499e+03
3.171171777503275e+03
3.226806370091052e+03
3.282440962678829e+03
3.338075555266606e+03
3.393710147854382e+03
3.449344740442159e+03
3.504979333029936e+03
3.560613925617712e+03
3.616248518205489e+03
3.671883110793267e+03
3.727517703381043e+03
3.783152295968820e+03
3.838786888556597e+03
3.864014904595853e+03
3.894421481144374e+03
3.950056073732151e+03
4.005690666319927e+03
4.061325258907704e+03
4.116959851495481e+03
4.172594444083257e+03
4.228229036671034e+03
4.283863629258811e+03
4.339498221846588e+03
4.395132814434364e+03
4.450767407022140e+03
4.506401999609919e+03
4.562036592197695e+03
4.617671184785471e+03
4.673305777373248e+03
4.728940369961026e+03
4.784574962548802e+03
4.840209555136578e+03
4.895844147724356e+03
4.951478740312133e+03
5.007113332899909e+03
5.062747925487686e+03
5.118382518075463e+03
5.174017110663239e+03
5.229651703251016e+03
5.285286295838794e+03
5.340920888426569e+03
5.396555481014346e+03
5.452190073602123e+03
5.507824666189900e+03
5.563459258777677e+03